10 10 1260 680 Radacina
10 10 1260 680 Radacina
30 30 548 338  a
600 30 1215 646 b
130 385 550 650 c
635 57 915 392 d
1002 172 1156 312 f
788 442 1033 609 g
663 87 872 215 h
680 104 792 160 i
816 110 854 177 j 
660 252 759 336 k
800 249 880 351 l
1022 191 1080 242 m
1060 260 1137 297 n
812 465 911 523 p
844 553 965 592 q
935 481 994 526 r
673 269 707 300 s
65 57 190 180 t 
277 71 507 300 u
75 225 235 302 v
298 215 477 277 w
291 91 414 176 x y
441 101 488 164 z
306 117 348 154 aa
365 116 400 144 bb
322 230 364 264 cc
406 230 452 263 dd
77 74 108 123 ee
125 143 162 168 ff
135 71 165 100 gg
93 240 125 273 hh
166 244 205 279 ii
693 117 716 143 jj
751 118 770 145 kk
719 290 743 315 ll
809 268 856 291 mm
831 314 860 340 nn
862 476 894 514 pp
819 481 846 506 qq
857 565 882 581 rr
915 566 943 581 ss
250 416 487 523 tt
146 541 258 628 uu
386 553 500 627 vv
282 433 350 501 ww
391 439 455 506 xx
160 554 209 582 yy
159 597 189 620 zz
214 596 245 617 aaa
397 572 425 605 bbb
455 580 480 611 ccc
293 443 309 458 ddd
296 473 335 491 eee
400 449 444 469 fff
404 477 426 497 ggg